              precision    recall  f1-score   support

           0       0.98      0.98      0.98     80000
           1       0.85      0.03      0.05       390
          10       0.38      0.21      0.27       294
          11       0.00      0.00      0.00       130
           2       0.99      0.97      0.98      6000
           3       0.98      0.97      0.98      2057
           4       0.99      0.92      0.96      6000
           5       0.93      0.97      0.95      1046
           6       0.99      0.88      0.93      1077
           7       1.00      0.97      0.99      1186
           8       0.83      0.99      0.90      6000
           9       0.99      0.92      0.95       644

    accuracy                           0.97    104824
   macro avg       0.83      0.74      0.75    104824
weighted avg       0.97      0.97      0.97    104824
